80 2
260 22
260 62
260 102
260 142
260 182
260 222
260 262
220 262
180 262
140 262
100 262
60 262
20 262
20 302
20 342
60 342
100 342
140 342
180 342
220 342
260 342
260 382
260 422
260 462
260 502
260 542
260 582
300 582
340 582
340 542
340 502
340 462
340 422
340 382
340 342
380 342
420 342
460 342
500 342
540 342
580 342
580 302
580 262
540 262
500 262
460 262
420 262
380 262
340 262
340 222
340 182
340 142
340 102
340 62
340 22
300 22
300 22
300 62
300 102
300 142
300 182
300 222
20 302
60 302
100 302
140 302
180 302
220 302
300 582 
300 542
300 502
300 462
300 422
300 382
580 302
540 302 
500 302
460 302
420 302 
380 302